<?xml version="1.0"?>
<opencv_storage>
<classifications type_id="opencv-matrix">
  <rows>340</rows>
  <cols>1</cols>
  <dt>f</dt>
  <data>
    48. 48. 48. 48. 48. 48. 48. 48. 48. 48. 49. 49. 49. 49. 49. 49. 49.
    49. 49. 49. 50. 50. 50. 50. 50. 50. 50. 50. 50. 50. 51. 51. 51. 51.
    51. 51. 51. 51. 51. 51. 52. 52. 52. 52. 52. 52. 52. 52. 52. 52. 53.
    53. 53. 53. 53. 53. 53. 53. 53. 53. 54. 54. 54. 54. 54. 54. 54. 54.
    54. 54. 55. 55. 55. 55. 55. 55. 55. 55. 55. 55. 56. 56. 56. 56. 56.
    56. 56. 56. 56. 56. 57. 57. 57. 57. 57. 57. 57. 57. 57. 57. 97. 97.
    97. 97. 97. 97. 97. 97. 97. 97. 98. 98. 98. 98. 98. 98. 98. 98. 98.
    98. 99. 99. 99. 99. 99. 99. 99. 99. 99. 99. 100. 100. 100. 100. 100.
    100. 100. 100. 100. 100. 101. 101. 101. 101. 101. 101. 101. 101.
    101. 101. 102. 102. 102. 102. 102. 102. 102. 102. 102. 102. 103.
    103. 103. 103. 103. 103. 103. 103. 103. 103. 104. 104. 104. 104.
    104. 104. 104. 104. 104. 104. 106. 106. 106. 106. 106. 106. 106.
    106. 106. 106. 107. 107. 107. 107. 107. 107. 107. 107. 107. 107.
    108. 108. 108. 108. 108. 108. 108. 108. 108. 108. 109. 109. 109.
    109. 109. 109. 109. 109. 109. 109. 110. 110. 110. 110. 110. 110.
    110. 110. 110. 110. 112. 112. 112. 112. 112. 112. 112. 112. 112.
    112. 113. 113. 113. 113. 113. 113. 113. 113. 113. 113. 114. 114.
    114. 114. 114. 114. 114. 114. 114. 114. 115. 115. 115. 115. 115.
    115. 115. 115. 115. 115. 116. 116. 116. 116. 116. 116. 116. 116.
    116. 116. 117. 117. 117. 117. 117. 117. 117. 117. 117. 117. 118.
    118. 118. 118. 118. 118. 118. 118. 118. 118. 119. 119. 119. 119.
    119. 119. 119. 119. 119. 119. 120. 120. 120. 120. 120. 120. 120.
    120. 120. 120. 121. 121. 121. 121. 121. 121. 121. 121. 121. 121.
    122. 122. 122. 122. 122. 122. 122. 122. 122. 122.</data></classifications>
</opencv_storage>
